"maas.bank" <-
structure(list(x = c(181177.2, 181006.3, 180892.4, 180778.5, 
180650, 180530, 180370, 180265.8, 180038, 179810.1, 179696.2, 
179582.3, 179500, 179480, 179460, 179400, 179297.5, 179183.5, 
179126.6, 179126.6, 179012.7, 178841.8, 178613.9, 178500, 178500, 
178557, 178670.9, 178841.8, 179183.5, 179525.3, 179639.2, 179810.1, 
179924.1, 180151.9, 180379.7, 180550.6, 180664.6), y = c(333711.5, 
333596.2, 333423.1, 333192.3, 332930, 332710, 332470, 332384.6, 
332290, 332211.5, 332190, 332096.2, 331980.8, 331807.7, 331590, 
331490, 331346.2, 331230.8, 331173.1, 331057.7, 331000, 330826.9, 
330538.5, 330307.7, 330076.9, 329903.8, 329788.5, 329673.1, 329615.4, 
329730.8, 329846.2, 330076.9, 330192.3, 330307.7, 330250, 330192.3, 
330076.9)), row.names = c("1", "2", "3", "4", "5", "6", "7", 
"8", "9", "10", "11", "12", "13", "14", "15", "16", "17", "18", 
"19", "20", "21", "22", "23", "24", "25", "26", "27", "28", "29", 
"30", "31", "32", "33", "34", "35", "36", "37"), class = "data.frame")
